0,1,2,3,4,5,6,7,8,9,10,11,12,13,14,15,16,17,18,19,20,21,22,23,24,25,26
50,97,100,101,104,105,106,107,108,109,110,123.0,124.0,125.0,127.0,128.0,129.0,155.0,156.0,157.0,,,,,,,
5,6,80,81,82,83,84,85,86,88,92,93.0,94.0,96.0,143.0,144.0,145.0,151.0,152.0,177.0,178.0,179.0,,,,,
53,54,55,154,158,162,166,170,173,174,175,,,,,,,,,,,,,,,,
49,69,70,71,73,74,75,95,111,112,113,134.0,138.0,142.0,146.0,150.0,153.0,181.0,182.0,183.0,185.0,186.0,187.0,189.0,190.0,191.0,
20,21,22,23,24,28,32,33,34,35,36,87.0,135.0,136.0,137.0,,,,,,,,,,,,
98,99,119,120,121,131,132,133,159,167,168,169.0,171.0,172.0,176.0,180.0,184.0,188.0,,,,,,,,,
40,41,42,43,44,48,51,52,56,57,58,59.0,,,,,,,,,,,,,,,
7,25,26,27,29,30,31,37,38,39,60,61.0,62.0,63.0,64.0,65.0,66.0,67.0,68.0,72.0,76.0,77.0,78.0,79.0,147.0,148.0,149.0
0,1,2,3,4,8,9,10,11,12,13,14.0,15.0,16.0,45.0,46.0,47.0,139.0,140.0,141.0,,,,,,,
17,18,19,89,90,91,102,103,114,115,116,117.0,118.0,122.0,126.0,130.0,160.0,161.0,163.0,164.0,165.0,,,,,,
