0,1,2,3,4,5,6,7,8,9,10,11,12,13,14,15,16,17,18,19,20,21,22,23,24,25,26,27,28,29,30,31,32,33,34,35,36,37,38,39,40,41,42,43,44,45,46
7,8,9,10,11,30,31,32,33,34,35.0,36.0,37.0,38.0,39.0,40.0,41.0,42.0,48.0,54.0,55.0,56.0,57.0,58.0,59.0,157.0,158.0,159.0,160.0,161.0,205.0,206.0,207.0,208.0,209.0,211.0,212.0,213.0,214.0,215.0,254.0,255.0,258.0,339.0,340.0,341.0,342.0
60,61,62,63,64,65,66,67,68,69,70.0,71.0,72.0,78.0,79.0,80.0,81.0,82.0,83.0,84.0,85.0,97.0,98.0,99.0,100.0,101.0,107.0,108.0,109.0,110.0,111.0,113.0,114.0,115.0,116.0,117.0,199.0,200.0,201.0,202.0,203.0,,,,,,
19,20,21,22,23,74,77,86,87,88,89.0,142.0,143.0,231.0,232.0,234.0,235.0,236.0,237.0,238.0,306.0,307.0,308.0,309.0,310.0,329.0,331.0,334.0,338.0,344.0,,,,,,,,,,,,,,,,,
140,144,145,148,154,156,229,240,241,242,243.0,244.0,246.0,296.0,297.0,335.0,336.0,337.0,345.0,346.0,347.0,348.0,349.0,,,,,,,,,,,,,,,,,,,,,,,,
146,147,149,155,277,278,279,281,283,284,285.0,286.0,287.0,288.0,289.0,295.0,,,,,,,,,,,,,,,,,,,,,,,,,,,,,,,
25,26,27,28,29,150,151,152,153,162,163.0,164.0,165.0,168.0,174.0,180.0,186.0,223.0,224.0,282.0,290.0,291.0,292.0,293.0,294.0,,,,,,,,,,,,,,,,,,,,,,
181,182,183,184,185,247,253,259,265,271,,,,,,,,,,,,,,,,,,,,,,,,,,,,,,,,,,,,,
13,14,15,76,119,166,167,222,225,226,227.0,228.0,233.0,239.0,245.0,343.0,,,,,,,,,,,,,,,,,,,,,,,,,,,,,,,
90,91,92,93,94,95,96,102,106,112,141.0,169.0,170.0,171.0,172.0,173.0,187.0,188.0,189.0,190.0,191.0,230.0,298.0,,,,,,,,,,,,,,,,,,,,,,,,
0,1,2,3,4,5,6,12,16,17,18.0,24.0,175.0,176.0,177.0,178.0,179.0,,,,,,,,,,,,,,,,,,,,,,,,,,,,,,
299,300,301,302,303,304,305,311,317,323,324.0,325.0,326.0,327.0,328.0,332.0,333.0,,,,,,,,,,,,,,,,,,,,,,,,,,,,,,
43,44,45,46,47,49,50,51,52,53,192.0,198.0,204.0,210.0,216.0,221.0,248.0,249.0,250.0,251.0,252.0,256.0,257.0,260.0,261.0,262.0,263.0,264.0,272.0,273.0,274.0,275.0,276.0,312.0,313.0,314.0,315.0,316.0,,,,,,,,,
73,75,103,104,105,118,120,121,122,123,124.0,125.0,126.0,127.0,128.0,129.0,130.0,131.0,132.0,133.0,134.0,135.0,136.0,137.0,138.0,139.0,193.0,194.0,195.0,196.0,197.0,217.0,218.0,219.0,220.0,266.0,267.0,268.0,269.0,270.0,280.0,318.0,319.0,320.0,321.0,322.0,330.0
